.squad/orchestration-log/2026-07-23T10-48-27Z-shuri.md
  s_f8cac588f15c80::t_d69a4f7cb4cc90 1-30
.squad/orchestration-log/2026-07-23T10-48-27Z-fury.md
  s_f8cac588f15c80::t_8f9239e01e33e5 1-37
.squad/agents/barton/history.md
  s_f8cac588f15c80::t_c891261ffcd584 111-116
  s_8417ac7d60de2b::t_2e26df16c986a6 1-43
.squad/orchestration-log/2026-07-23T10-48-27Z-barton.md
  s_f8cac588f15c80::t_1a49fd89612f52 1-32
.squad/log/2026-07-23T10-48-27Z-cache-versioning.md
  s_f8cac588f15c80::t_881c2620aa9b8f 1-31
.squad/agents/fury/history.md
  s_e35a576cc41f01::t_7c3f2f5556cab0 90-96
  s_f8cac588f15c80::t_ca23866d13cb01 161-178
.squad/agents/shuri/history.md
  s_f8cac588f15c80::t_e006b158a7735b 180-200
  s_bc74c648462086::t_0391ecf1ad0bb4 139-159
.squad/decisions-archive.md
  s_f8cac588f15c80::t_199e12d9968a4c 1-235
.squad/decisions.md
  s_f8cac588f15c80::t_69abc55364e5a6 1-375,390,428,443,452,461,500,557,566,573,606,614,639,661,687,714,746,780,840,893,917,958,977,994,1011,1133,1267,1337,1433,1513,1529,1539,1548,1555,1625,1636,1645,1661,1713,1725,1741,1754,1773,1848,1868,1875,1889,1898,1906,1934,1949,1960,1969,1979,1988,2022,2033,2054,2106,2121,2142,2154,2165,2176,2186,2208,2247,2269,2316,2354,2402,2455,2496,2538,2584,2709,2719,2731,2788,2826,2853,2910,2951,3006,3020,3042,3055,3066,3106,3145,3159,3169,3186,3206,3232,3244,3272,3296,3308,3315,3357,3396,3443,3474,3493,3579,3661,3693,3727,3741,3760,3954,4254,4301,4373,4446,4456,4464,4476,4483,4500,4521,4537,4551,4561,4573,4580,4620,4657,4671,4691,4698,4733,4895,4961,4986,5120,5159,5195,5234,5243,5260,5268,5276,5302,5315,5338,5360,5373,5383,5400,5419,5443,5457,5467,5481,5508,5539,5580,5596,5604,5625,5633,5644,5652,5724,5844,5867,5908,5922,5930,5941,6017,6034,6094,6106,6130,6137,6153,6184,6251,6465,6630,6690,6742,6770,6788,6798,6804,6810,6825,6895,6917,6933,6949,6956,6965,6973,6983,6990,7014,7081,7175,7227,7239,7252,7264,7282,7329,7379,7420,7467,7529,7557,7564,7606,7626,7653,7670,7691,7725,7747,7768,7777,7789,7817,7841,7870,7885,7908,7921,7963,7993,8024,8043,8066,8077,8084,8141,8186,8216,8246,8256,8269,8316,8346,8377,8399,8412,8431,8444,8453,8464,8494,8522,8553,8586,8606,8649,8667,8691,8703,8713,8718,8746,8774,8782,8797,8807,8817,8832,8875,8885,8899,8956,8970,8988,9001,9022,9032,9043,9055,9080,9118,9131,9170,9193,9206,9232,9245,9255,9264,9275,9297,9317,9335,9345,9351,9360,9385,9398,9408,9418,9436,9448,9457,9470,9488,9525,9564,9595,9632,9661,9677,9709,9722,9728,9738,9745,9810,9826,9834,9845,9852,9867,9886,9901,9921,9935,9948,10018,10062,10074,10133,10143,10175,10199,10208,10241,10328,10363,10372,10391,10398,10424,10442,10474,10540,10586,10597,10630,10645,10657,10671,10684,10707,10730,10746,10764,10792,10808-11082
---
{
  "schema_version": "authorship/3.0.0",
  "git_ai_version": "1.6.15",
  "base_commit_sha": "b492cc46e3c38f390dbd6b427dd37e6ad3e49c99",
  "prompts": {},
  "sessions": {
    "s_8417ac7d60de2b": {
      "agent_id": {
        "tool": "github-copilot-cli",
        "id": "toolu_01JXDJW4LHrLcrNJAgamTbuN",
        "model": "unknown"
      },
      "human_author": "drdonoso <davidrodriguezdonoso95@gmail.com>"
    },
    "s_bc74c648462086": {
      "agent_id": {
        "tool": "github-copilot-cli",
        "id": "toolu_01BxnvF4o5DaXbjAUkbmMwZT",
        "model": "unknown"
      },
      "human_author": "drdonoso <davidrodriguezdonoso95@gmail.com>"
    },
    "s_e35a576cc41f01": {
      "agent_id": {
        "tool": "github-copilot-cli",
        "id": "toolu_01HSznoLHUdbiDz93uLTKXMF",
        "model": "unknown"
      },
      "human_author": "drdonoso <davidrodriguezdonoso95@gmail.com>"
    },
    "s_f8cac588f15c80": {
      "agent_id": {
        "tool": "github-copilot-cli",
        "id": "toolu_012NuLBoxhXTeS8CKkRDPg55",
        "model": "unknown"
      },
      "human_author": "drdonoso <davidrodriguezdonoso95@gmail.com>"
    }
  }
}